100
12 45 78 23 56 89 34 67 90 12 45 78 23 56 89 34 67 90 12 45 78 23 56 89 34 67 90 12 45 78 23 56 89 34 67 90 12 45 78 23 56 89 34 67 90 12 45 78 23 56 89 34 67 90 12 45 78 23 56 89 34 67 90 12 45 78 23 56 89 34 67 90 12 45 78 23 56 89 34 67 90 12 45 78 23 56 89 34 67 90 12 45 78 23 56 89 34 67 90 12
123 456 789 234 567 890 345 678 901 123 456 789 234 567 890 345 678 901 123 456 789 234 567 890 345 678 901 123 456 789 234 567 890 345 678 901 123 456 789 234 567 890 345 678 901 123 456 789 234 567 890 345 678 901 123 456 789 234 567 890 345 678 901 123 456 789 234 567 890 345 678 901 123 456 789 234 567 890 345 678 901 123 456 789 234 567 890 345 678 901 123 456 789 234 567 890 345 678 901 123
567 678 789 890 123 234 345 456 567 678 789 890 123 234 345 456 567 678 789 890 123 234 345 456 567 678 789 890 123 234 345 456 567 678 789 890 123 234 345 456 567 678 789 890 123 234 345 456 567 678 789 890 123 234 345 456 567 678 789 890 123 234 345 456 567 678 789 890 123 234 345 456 567 678 789 890 123 234 345 456 567 678 789 890 123 234 345 456 567 678 789 890 123 234 345 456 567 678 789 890
12 45 78 23 56 89 34 67 90 12 45 78 23 56 89 34 67 90 12 45 78 23 56 89 34 67 90 12 45 78 23 56 89 34 67 90 12 45 78 23 56 89 34 67 90 12 45 78 23 56 89 34 67 90 12 45 78 23 56 89 34 67 90 12 45 78 23 56 89 34 67 90 12 45 78 23 56 89 34 67 90 12 45 78 23 56 89 34 67 90 12 45 78 23 56 89 34 67 90 12
123 456 789 234 567 890 345 678 901 123 456 789 234 567 890 345 678 901 123 456 789 234 567 890 345 678 901 123 456 789 234 567 890 345 678 901 123 456 789 234 567 890 345 678 901 123 456 789 234 567 890 345 678 901 123 456 789 234 567 890 345 678 901 123 456 789 234 567 890 345 678 901 123 456 789 234 567 890 345 678 901 123 456 789 234 567 890 345 678 901 123 456 789 234 567 890 345 678 901 123
567 678 789 890 123 234 345 456 567 678 789 890 123 234 345 456 567 678 789 890 123 234 345 456 567 678 789 890 123 234 345 456 567 678 789 890 123 234 345 456 567 678 789 890 123 234 345 456 567 678 789 890 123 234 345 456 567 678 789 890 123 234 345 456 567 678 789 890 123 234 345 456 567 678 789 890 123 234 345 456 567 678 789 890 123 234 345 456 567 678 789 890 123 234 345 456 567 678 789 890
12 45 78 23 56 89 34 67 90 12 45 78 23 56 89 34 67 90 12 45 78 23 56 89 34 67 90 12 45 78 23 56 89 34 67 90 12 45 78 23 56 89 34 67 90 12 45 78 23 56 89 34 67 90 12 45 78 23 56 89 34 67 90 12 45 78 23 56 89 34 67 90 12 45 78 23 56 89 34 67 90 12 45 78 23 56 89 34 67 90 12 45 78 23 56 89 34 67 90 12
123 456 789 234 567 890 345 678 901 123 456 789 234 567 890 345 678 901 123 456 789 234 567 890 345 678 901 123 456 789 234 567 890 345 678 901 123 456 789 234 567 890 345 678 901 123 456 789 234 567 890 345 678 901 123 456 789 234 567 890 345 678 901 123 456 789 234 567 890 345 678 901 123 456 789 234 567 890 345 678 901 123 456 789 234 567 890 345 678 901 123 456 789 234 567 890 345 678 901 123
567 678 789 890 123 234 345 456 567 678 789 890 123 234 345 456 567 678 789 890 123 234 345 456 567 678 789 890 123 234 345 456 567 678 789 890 123 234 345 456 567 678 789 890 123 234 345 456 567 678 789 890 123 234 345 456 567 678 789 890 123 234 345 456 567 678 789 890 123 234 345 456 567 678 789 890 123 234 345 456 567 678 789 890 123 234 345 456 567 678 789 890 123 234 345 456 567 678 789 890
12 45 78 23 56 89 34 67 90 12 45 78 23 56 89 34 67 90 12 45 78 23 56 89 34 67 90 12 45 78 23 56 89 34 67 90 12 45 78 23 56 89 34 67 90 12 45 78 23 56 89 34 67 90 12 45 78 23 56 89 34 67 90 12 45 78 23 56 89 34 67 90 12 45 78 23 56 89 34 67 90 12 45 78 23 56 89 34 67 90 12 45 78 23 56 89 34 67 90 12
123 456 789 234 567 890 345 678 901 123 456 789 234 567 890 345 678 901 123 456 789 234 567 890 345 678 901 123 456 789 234 567 890 345 678 901 123 456 789 234 567 890 345 678 901 123 456 789 234 567 890 345 678 901 123 456 789 234 567 890 345 678 901 123 456 789 234 567 890 345 678 901 123 456 789 234 567 890 345 678 901 123 456 789 234 567 890 345 678 901 123 456 789 234 567 890 345 678 901 123
567 678 789 890 123 234 345 456 567 678 789 890 123 234 345 456 567 678 789 890 123 234 345 456 567 678 789 890 123 234 345 456 567 678 789 890 123 234 345 456 567 678 789 890 123 234 345 456 567 678 789 890 123 234 345 456 567 678 789 890 123 234 345 456 567 678 789 890 123 234 345 456 567 678 789 890 123 234 345 456 567 678 789 890 123 234 345 456 567 678 789 890 123 234 345 456 567 678 789 890
12 45 78 23 56 89 34 67 90 12 45 78 23 56 89 34 67 90 12 45 78 23 56 89 34 67 90 12 45 78 23 56 89 34 67 90 12 45 78 23 56 89 34 67 90 12 45 78 23 56 89 34 67 90 12 45 78 23 56 89 34 67 90 12 45 78 23 56 89 34 67 90 12 45 78 23 56 89 34 67 90 12 45 78 23 56 89 34 67 90 12 45 78 23 56 89 34 67 90 12
123 456 789 234 567 890 345 678 901 123 456 789 234 567 890 345 678 901 123 456 789 234 567 890 345 678 901 123 456 789 234 567 890 345 678 901 123 456 789 234 567 890 345 678 901 123 456 789 234 567 890 345 678 901 123 456 789 234 567 890 345 678 901 123 456 789 234 567 890 345 678 901 123 456 789 234 567 890 345 678 901 123 456 789 234 567 890 345 678 901 123 456 789 234 567 890 345 678 901 123
567 678 789 890 123 234 345 456 567 678 789 890 123 234 345 456 567 678 789 890 123 234 345 456 567 678 789 890 123 234 345 456 567 678 789 890 123 234 345 456 567 678 789 890 123 234 345 456 567 678 789 890 123 234 345 456 567 678 789 890 123 234 345 456 567 678 789 890 123 234 345 456 567 678 789 890 123 234 345 456 567 678 789 890 123 234 345 456 567 678 789 890 123 234 345 456 567 678 789 890
12 45 78 23 56 89 34 67 90 12 45 78 23 56 89 34 67 90 12 45 78 23 56 89 34 67 90 12 45 78 23 56 89 34 67 90 12 45 78 23 56 89 34 67 90 12 45 78 23 56 89 34 67 90 12 45 78 23 56 89 34 67 90 12 45 78 23 56 89 34 67 90 12 45 78 23 56 89 34 67 90 12 45 78 23 56 89 34 67 90 12 45 78 23 56 89 34 67 90 12
123 456 789 234 567 890 345 678 901 123 456 789 234 567 890 345 678 901 123 456 789 234 567 890 345 678 901 123 456 789 234 567 890 345 678 901 123 456 789 234 567 890 345 678 901 123 456 789 234 567 890 345 678 901 123 456 789 234 567 890 345 678 901 123 456 789 234 567 890 345 678 901 123 456 789 234 567 890 345 678 901 123 456 789 234 567 890 345 678 901 123 456 789 234 567 890 345 678 901 123
567 678 789 890 123 234 345 456 567 678 789 890 123 234 345 456 567 678 789 890 123 234 345 456 567 678 789 890 123 234 345 456 567 678 789 890 123 234 345 456 567 678 789 890 123 234 345 456 567 678 789 890 123 234 345 456 567 678 789 890 123 234 345 456 567 678 789 890 123 234 345 456 567 678 789 890 123 234 345 456 567 678 789 890 123 234 345 456 567 678 789 890 123 234 345 456 567 678 789 890
12 45 78 23 56 89 34 67 90 12 45 78 23 56 89 34 67 90 12 45 78 23 56 89 34 67 90 12 45 78 23 56 89 34 67 90 12 45 78 23 56 89 34 67 90 12 45 78 23 56 89 34 67 90 12 45 78 23 56 89 34 67 90 12 45 78 23 56 89 34 67 90 12 45 78 23 56 89 34 67 90 12 45 78 23 56 89 34 67 90 12 45 78 23 56 89 34 67 90 12
123 456 789 234 567 890 345 678 901 123 456 789 234 567 890 345 678 901 123 456 789 234 567 890 345 678 901 123 456 789 234 567 890 345 678 901 123 456 789 234 567 890 345 678 901 123 456 789 234 567 890 345 678 901 123 456 789 234 567 890 345 678 901 123 456 789 234 567 890 345 678 901 123 456 789 234 567 890 345 678 901 123 456 789 234 567 890 345 678 901 123 456 789 234 567 890 345 678 901 123
12 45 78 23 56 89 34 67 90 12 45 78 23 56 89 34 67 90 12 45 78 23 56 89 34 67 90 12 45 78 23 56 89 34 67 90 12 45 78 23 56 89 34 67 90 12 45 78 23 56 89 34 67 90 12 45 78 23 56 89 34 67 90 12 45 78 23 56 89 34 67 90 12 45 78 23 56 89 34 67 90 12 45 78 23 56 89 34 67 90 12 45 78 23 56 89 34 67 90 12
123 456 789 234 567 890 345 678 901 123 456 789 234 567 890 345 678 901 123 456 789 234 567 890 345 678 901 123 456 789 234 567 890 345 678 901 123 456 789 234 567 890 345 678 901 123 456 789 234 567 890 345 678 901 123 456 789 234 567 890 345 678 901 123 456 789 234 567 890 345 678 901 123 456 789 234 567 890 345 678 901 123 456 789 234 567 890 345 678 901 123 456 789 234 567 890 345 678 901 123
567 678 789 890 123 234 345 456 567 678 789 890 123 234 345 456 567 678 789 890 123 234 345 456 567 678 789 890 123 234 345 456 567 678 789 890 123 234 345 456 567 678 789 890 123 234 345 456 567 678 789 890 123 234 345 456 567 678 789 890 123 234 345 456 567 678 789 890 123 234 345 456 567 678 789 890 123 234 345 456 567 678 789 890 123 234 345 456 567 678 789 890 123 234 345 456 567 678 789 890
12 45 78 23 56 89 34 67 90 12 45 78 23 56 89 34 67 90 12 45 78 23 56 89 34 67 90 12 45 78 23 56 89 34 67 90 12 45 78 23 56 89 34 67 90 12 45 78 23 56 89 34 67 90 12 45 78 23 56 89 34 67 90 12 45 78 23 56 89 34 67 90 12 45 78 23 56 89 34 67 90 12 45 78 23 56 89 34 67 90 12 45 78 23 56 89 34 67 90 12
123 456 789 234 567 890 345 678 901 123 456 789 234 567 890 345 678 901 123 456 789 234 567 890 345 678 901 123 456 789 234 567 890 345 678 901 123 456 789 234 567 890 345 678 901 123 456 789 234 567 890 345 678 901 123 456 789 234 567 890 345 678 901 123 456 789 234 567 890 345 678 901 123 456 789 234 567 890 345 678 901 123 456 789 234 567 890 345 678 901 123 456 789 234 567 890 345 678 901 123
567 678 789 890 123 234 345 456 567 678 789 890 123 234 345 456 567 678 789 890 123 234 345 456 567 678 789 890 123 234 345 456 567 678 789 890 123 234 345 456 567 678 789 890 123 234 345 456 567 678 789 890 123 234 345 456 567 678 789 890 123 234 345 456 567 678 789 890 123 234 345 456 567 678 789 890 123 234 345 456 567 678 789 890 123 234 345 456 567 678 789 890 123 234 345 456 567 678 789 890
12 45 78 23 56 89 34 67 90 12 45 78 23 56 89 34 67 90 12 45 78 23 56 89 34 67 90 12 45 78 23 56 89 34 67 90 12 45 78 23 56 89 34 67 90 12 45 78 23 56 89 34 67 90 12 45 78 23 56 89 34 67 90 12 45 78 23 56 89 34 67 90 12 45 78 23 56 89 34 67 90 12 45 78 23 56 89 34 67 90 12 45 78 23 56 89 34 67 90 12
123 456 789 234 567 890 345 678 901 123 456 789 234 567 890 345 678 901 123 456 789 234 567 890 345 678 901 123 456 789 234 567 890 345 678 901 123 456 789 234 567 890 345 678 901 123 456 789 234 567 890 345 678 901 123 456 789 234 567 890 345 678 901 123 456 789 234 567 890 345 678 901 123 456 789 234 567 890 345 678 901 123 456 789 234 567 890 345 678 901 123 456 789 234 567 890 345 678 901 123
567 678 789 890 123 234 345 456 567 678 789 890 123 234 345 456 567 678 789 890 123 234 345 456 567 678 789 890 123 234 345 456 567 678 789 890 123 234 345 456 567 678 789 890 123 234 345 456 567 678 789 890 123 234 345 456 567 678 789 890 123 234 345 456 567 678 789 890 123 234 345 456 567 678 789 890 123 234 345 456 567 678 789 890 123 234 345 456 567 678 789 890 123 234 345 456 567 678 789 890
12 45 78 23 56 89 34 67 90 12 45 78 23 56 89 34 67 90 12 45 78 23 56 89 34 67 90 12 45 78 23 56 89 34 67 90 12 45 78 23 56 89 34 67 90 12 45 78 23 56 89 34 67 90 12 45 78 23 56 89 34 67 90 12 45 78 23 56 89 34 67 90 12 45 78 23 56 89 34 67 90 12 45 78 23 56 89 34 67 90 12 45 78 23 56 89 34 67 90 12
123 456 789 234 567 890 345 678 901 123 456 789 234 567 890 345 678 901 123 456 789 234 567 890 345 678 901 123 456 789 234 567 890 345 678 901 123 456 789 234 567 890 345 678 901 123 456 789 234 567 890 345 678 901 123 456 789 234 567 890 345 678 901 123 456 789 234 567 890 345 678 901 123 456 789 234 567 890 345 678 901 123 456 789 234 567 890 345 678 901 123 456 789 234 567 890 345 678 901 123
567 678 789 890 123 234 345 456 567 678 789 890 123 234 345 456 567 678 789 890 123 234 345 456 567 678 789 890 123 234 345 456 567 678 789 890 123 234 345 456 567 678 789 890 123 234 345 456 567 678 789 890 123 234 345 456 567 678 789 890 123 234 345 456 567 678 789 890 123 234 345 456 567 678 789 890 123 234 345 456 567 678 789 890 123 234 345 456 567 678 789 890 123 234 345 456 567 678 789 890
12 45 78 23 56 89 34 67 90 12 45 78 23 56 89 34 67 90 12 45 78 23 56 89 34 67 90 12 45 78 23 56 89 34 67 90 12 45 78 23 56 89 34 67 90 12 45 78 23 56 89 34 67 90 12 45 78 23 56 89 34 67 90 12 45 78 23 56 89 34 67 90 12 45 78 23 56 89 34 67 90 12 45 78 23 56 89 34 67 90 12 45 78 23 56 89 34 67 90 12
123 456 789 234 567 890 345 678 901 123 456 789 234 567 890 345 678 901 123 456 789 234 567 890 345 678 901 123 456 789 234 567 890 345 678 901 123 456 789 234 567 890 345 678 901 123 456 789 234 567 890 345 678 901 123 456 789 234 567 890 345 678 901 123 456 789 234 567 890 345 678 901 123 456 789 234 567 890 345 678 901 123 456 789 234 567 890 345 678 901 123 456 789 234 567 890 345 678 901 123
567 678 789 890 123 234 345 456 567 678 789 890 123 234 345 456 567 678 789 890 123 234 345 456 567 678 789 890 123 234 345 456 567 678 789 890 123 234 345 456 567 678 789 890 123 234 345 456 567 678 789 890 123 234 345 456 567 678 789 890 123 234 345 456 567 678 789 890 123 234 345 456 567 678 789 890 123 234 345 456 567 678 789 890 123 234 345 456 567 678 789 890 123 234 345 456 567 678 789 890
12 45 78 23 56 89 34 67 90 12 45 78 23 56 89 34 67 90 12 45 78 23 56 89 34 67 90 12 45 78 23 56 89 34 67 90 12 45 78 23 56 89 34 67 90 12 45 78 23 56 89 34 67 90 12 45 78 23 56 89 34 67 90 12 45 78 23 56 89 34 67 90 12 45 78 23 56 89 34 67 90 12 45 78 23 56 89 34 67 90 12 45 78 23 56 89 34 67 90 12
123 456 789 234 567 890 345 678 901 123 456 789 234 567 890 345 678 901 123 456 789 234 567 890 345 678 901 123 456 789 234 567 890 345 678 901 123 456 789 234 567 890 345 678 901 123 456 789 234 567 890 345 678 901 123 456 789 234 567 890 345 678 901 123 456 789 234 567 890 345 678 901 123 456 789 234 567 890 345 678 901 123 456 789 234 567 890 345 678 901 123 456 789 234 567 890 345 678 901 123
567 678 789 890 123 234 345 456 567 678 789 890 123 234 345 456 567 678 789 890 123 234 345 456 567 678 789 890 123 234 345 456 567 678 789 890 123 234 345 456 567 678 789 890 123 234 345 456 567 678 789 890 123 234 345 456 567 678 789 890 123 234 345 456 567 678 789 890 123 234 345 456 567 678 789 890 123 234 345 456 567 678 789 890 123 234 345 456 567 678 789 890 123 234 345 456 567 678 789 890
12 45 78 23 56 89 34 67 90 12 45 78 23 56 89 34 67 90 12 45 78 23 56 89 34 67 90 12 45 78 23 56 89 34 67 90 12 45 78 23 56 89 34 67 90 12 45 78 23 56 89 34 67 90 12 45 78 23 56 89 34 67 90 12 45 78 23 56 89 34 67 90 12 45 78 23 56 89 34 67 90 12 45 78 23 56 89 34 67 90 12 45 78 23 56 89 34 67 90 12
123 456 789 234 567 890 345 678 901 123 456 789 234 567 890 345 678 901 123 456 789 234 567 890 345 678 901 123 456 789 234 567 890 345 678 901 123 456 789 234 567 890 345 678 901 123 456 789 234 567 890 345 678 901 123 456 789 234 567 890 345 678 901 123 456 789 234 567 890 345 678 901 123 456 789 234 567 890 345 678 901 123 456 789 234 567 890 345 678 901 123 456 789 234 567 890 345 678 901 123
12 45 78 23 56 89 34 67 90 12 45 78 23 56 89 34 67 90 12 45 78 23 56 89 34 67 90 12 45 78 23 56 89 34 67 90 12 45 78 23 56 89 34 67 90 12 45 78 23 56 89 34 67 90 12 45 78 23 56 89 34 67 90 12 45 78 23 56 89 34 67 90 12 45 78 23 56 89 34 67 90 12 45 78 23 56 89 34 67 90 12 45 78 23 56 89 34 67 90 12
123 456 789 234 567 890 345 678 901 123 456 789 234 567 890 345 678 901 123 456 789 234 567 890 345 678 901 123 456 789 234 567 890 345 678 901 123 456 789 234 567 890 345 678 901 123 456 789 234 567 890 345 678 901 123 456 789 234 567 890 345 678 901 123 456 789 234 567 890 345 678 901 123 456 789 234 567 890 345 678 901 123 456 789 234 567 890 345 678 901 123 456 789 234 567 890 345 678 901 123
567 678 789 890 123 234 345 456 567 678 789 890 123 234 345 456 567 678 789 890 123 234 345 456 567 678 789 890 123 234 345 456 567 678 789 890 123 234 345 456 567 678 789 890 123 234 345 456 567 678 789 890 123 234 345 456 567 678 789 890 123 234 345 456 567 678 789 890 123 234 345 456 567 678 789 890 123 234 345 456 567 678 789 890 123 234 345 456 567 678 789 890 123 234 345 456 567 678 789 890
12 45 78 23 56 89 34 67 90 12 45 78 23 56 89 34 67 90 12 45 78 23 56 89 34 67 90 12 45 78 23 56 89 34 67 90 12 45 78 23 56 89 34 67 90 12 45 78 23 56 89 34 67 90 12 45 78 23 56 89 34 67 90 12 45 78 23 56 89 34 67 90 12 45 78 23 56 89 34 67 90 12 45 78 23 56 89 34 67 90 12 45 78 23 56 89 34 67 90 12
123 456 789 234 567 890 345 678 901 123 456 789 234 567 890 345 678 901 123 456 789 234 567 890 345 678 901 123 456 789 234 567 890 345 678 901 123 456 789 234 567 890 345 678 901 123 456 789 234 567 890 345 678 901 123 456 789 234 567 890 345 678 901 123 456 789 234 567 890 345 678 901 123 456 789 234 567 890 345 678 901 123 456 789 234 567 890 345 678 901 123 456 789 234 567 890 345 678 901 123
567 678 789 890 123 234 345 456 567 678 789 890 123 234 345 456 567 678 789 890 123 234 345 456 567 678 789 890 123 234 345 456 567 678 789 890 123 234 345 456 567 678 789 890 123 234 345 456 567 678 789 890 123 234 345 456 567 678 789 890 123 234 345 456 567 678 789 890 123 234 345 456 567 678 789 890 123 234 345 456 567 678 789 890 123 234 345 456 567 678 789 890 123 234 345 456 567 678 789 890
12 45 78 23 56 89 34 67 90 12 45 78 23 56 89 34 67 90 12 45 78 23 56 89 34 67 90 12 45 78 23 56 89 34 67 90 12 45 78 23 56 89 34 67 90 12 45 78 23 56 89 34 67 90 12 45 78 23 56 89 34 67 90 12 45 78 23 56 89 34 67 90 12 45 78 23 56 89 34 67 90 12 45 78 23 56 89 34 67 90 12 45 78 23 56 89 34 67 90 12
123 456 789 234 567 890 345 678 901 123 456 789 234 567 890 345 678 901 123 456 789 234 567 890 345 678 901 123 456 789 234 567 890 345 678 901 123 456 789 234 567 890 345 678 901 123 456 789 234 567 890 345 678 901 123 456 789 234 567 890 345 678 901 123 456 789 234 567 890 345 678 901 123 456 789 234 567 890 345 678 901 123 456 789 234 567 890 345 678 901 123 456 789 234 567 890 345 678 901 123
567 678 789 890 123 234 345 456 567 678 789 890 123 234 345 456 567 678 789 890 123 234 345 456 567 678 789 890 123 234 345 456 567 678 789 890 123 234 345 456 567 678 789 890 123 234 345 456 567 678 789 890 123 234 345 456 567 678 789 890 123 234 345 456 567 678 789 890 123 234 345 456 567 678 789 890 123 234 345 456 567 678 789 890 123 234 345 456 567 678 789 890 123 234 345 456 567 678 789 890
12 45 78 23 56 89 34 67 90 12 45 78 23 56 89 34 67 90 12 45 78 23 56 89 34 67 90 12 45 78 23 56 89 34 67 90 12 45 78 23 56 89 34 67 90 12 45 78 23 56 89 34 67 90 12 45 78 23 56 89 34 67 90 12 45 78 23 56 89 34 67 90 12 45 78 23 56 89 34 67 90 12 45 78 23 56 89 34 67 90 12 45 78 23 56 89 34 67 90 12
123 456 789 234 567 890 345 678 901 123 456 789 234 567 890 345 678 901 123 456 789 234 567 890 345 678 901 123 456 789 234 567 890 345 678 901 123 456 789 234 567 890 345 678 901 123 456 789 234 567 890 345 678 901 123 456 789 234 567 890 345 678 901 123 456 789 234 567 890 345 678 901 123 456 789 234 567 890 345 678 901 123 456 789 234 567 890 345 678 901 123 456 789 234 567 890 345 678 901 123
567 678 789 890 123 234 345 456 567 678 789 890 123 234 345 456 567 678 789 890 123 234 345 456 567 678 789 890 123 234 345 456 567 678 789 890 123 234 345 456 567 678 789 890 123 234 345 456 567 678 789 890 123 234 345 456 567 678 789 890 123 234 345 456 567 678 789 890 123 234 345 456 567 678 789 890 123 234 345 456 567 678 789 890 123 234 345 456 567 678 789 890 123 234 345 456 567 678 789 890
12 45 78 23 56 89 34 67 90 12 45 78 23 56 89 34 67 90 12 45 78 23 56 89 34 67 90 12 45 78 23 56 89 34 67 90 12 45 78 23 56 89 34 67 90 12 45 78 23 56 89 34 67 90 12 45 78 23 56 89 34 67 90 12 45 78 23 56 89 34 67 90 12 45 78 23 56 89 34 67 90 12 45 78 23 56 89 34 67 90 12 45 78 23 56 89 34 67 90 12
123 456 789 234 567 890 345 678 901 123 456 789 234 567 890 345 678 901 123 456 789 234 567 890 345 678 901 123 456 789 234 567 890 345 678 901 123 456 789 234 567 890 345 678 901 123 456 789 234 567 890 345 678 901 123 456 789 234 567 890 345 678 901 123 456 789 234 567 890 345 678 901 123 456 789 234 567 890 345 678 901 123 456 789 234 567 890 345 678 901 123 456 789 234 567 890 345 678 901 123
567 678 789 890 123 234 345 456 567 678 789 890 123 234 345 456 567 678 789 890 123 234 345 456 567 678 789 890 123 234 345 456 567 678 789 890 123 234 345 456 567 678 789 890 123 234 345 456 567 678 789 890 123 234 345 456 567 678 789 890 123 234 345 456 567 678 789 890 123 234 345 456 567 678 789 890 123 234 345 456 567 678 789 890 123 234 345 456 567 678 789 890 123 234 345 456 567 678 789 890
12 45 78 23 56 89 34 67 90 12 45 78 23 56 89 34 67 90 12 45 78 23 56 89 34 67 90 12 45 78 23 56 89 34 67 90 12 45 78 23 56 89 34 67 90 12 45 78 23 56 89 34 67 90 12 45 78 23 56 89 34 67 90 12 45 78 23 56 89 34 67 90 12 45 78 23 56 89 34 67 90 12 45 78 23 56 89 34 67 90 12 45 78 23 56 89 34 67 90 12
123 456 789 234 567 890 345 678 901 123 456 789 234 567 890 345 678 901 123 456 789 234 567 890 345 678 901 123 456 789 234 567 890 345 678 901 123 456 789 234 567 890 345 678 901 123 456 789 234 567 890 345 678 901 123 456 789 234 567 890 345 678 901 123 456 789 234 567 890 345 678 901 123 456 789 234 567 890 345 678 901 123 456 789 234 567 890 345 678 901 123 456 789 234 567 890 345 678 901 123
567 678 789 890 123 234 345 456 567 678 789 890 123 234 345 456 567 678 789 890 123 234 345 456 567 678 789 890 123 234 345 456 567 678 789 890 123 234 345 456 567 678 789 890 123 234 345 456 567 678 789 890 123 234 345 456 567 678 789 890 123 234 345 456 567 678 789 890 123 234 345 456 567 678 789 890 123 234 345 456 567 678 789 890 123 234 345 456 567 678 789 890 123 234 345 456 567 678 789 890
12 45 78 23 56 89 34 67 90 12 45 78 23 56 89 34 67 90 12 45 78 23 56 89 34 67 90 12 45 78 23 56 89 34 67 90 12 45 78 23 56 89 34 67 90 12 45 78 23 56 89 34 67 90 12 45 78 23 56 89 34 67 90 12 45 78 23 56 89 34 67 90 12 45 78 23 56 89 34 67 90 12 45 78 23 56 89 34 67 90 12 45 78 23 56 89 34 67 90 12
123 456 789 234 567 890 345 678 901 123 456 789 234 567 890 345 678 901 123 456 789 234 567 890 345 678 901 123 456 789 234 567 890 345 678 901 123 456 789 234 567 890 345 678 901 123 456 789 234 567 890 345 678 901 123 456 789 234 567 890 345 678 901 123 456 789 234 567 890 345 678 901 123 456 789 234 567 890 345 678 901 123 456 789 234 567 890 345 678 901 123 456 789 234 567 890 345 678 901 123
12 45 78 23 56 89 34 67 90 12 45 78 23 56 89 34 67 90 12 45 78 23 56 89 34 67 90 12 45 78 23 56 89 34 67 90 12 45 78 23 56 89 34 67 90 12 45 78 23 56 89 34 67 90 12 45 78 23 56 89 34 67 90 12 45 78 23 56 89 34 67 90 12 45 78 23 56 89 34 67 90 12 45 78 23 56 89 34 67 90 12 45 78 23 56 89 34 67 90 12
123 456 789 234 567 890 345 678 901 123 456 789 234 567 890 345 678 901 123 456 789 234 567 890 345 678 901 123 456 789 234 567 890 345 678 901 123 456 789 234 567 890 345 678 901 123 456 789 234 567 890 345 678 901 123 456 789 234 567 890 345 678 901 123 456 789 234 567 890 345 678 901 123 456 789 234 567 890 345 678 901 123 456 789 234 567 890 345 678 901 123 456 789 234 567 890 345 678 901 123
567 678 789 890 123 234 345 456 567 678 789 890 123 234 345 456 567 678 789 890 123 234 345 456 567 678 789 890 123 234 345 456 567 678 789 890 123 234 345 456 567 678 789 890 123 234 345 456 567 678 789 890 123 234 345 456 567 678 789 890 123 234 345 456 567 678 789 890 123 234 345 456 567 678 789 890 123 234 345 456 567 678 789 890 123 234 345 456 567 678 789 890 123 234 345 456 567 678 789 890
12 45 78 23 56 89 34 67 90 12 45 78 23 56 89 34 67 90 12 45 78 23 56 89 34 67 90 12 45 78 23 56 89 34 67 90 12 45 78 23 56 89 34 67 90 12 45 78 23 56 89 34 67 90 12 45 78 23 56 89 34 67 90 12 45 78 23 56 89 34 67 90 12 45 78 23 56 89 34 67 90 12 45 78 23 56 89 34 67 90 12 45 78 23 56 89 34 67 90 12
123 456 789 234 567 890 345 678 901 123 456 789 234 567 890 345 678 901 123 456 789 234 567 890 345 678 901 123 456 789 234 567 890 345 678 901 123 456 789 234 567 890 345 678 901 123 456 789 234 567 890 345 678 901 123 456 789 234 567 890 345 678 901 123 456 789 234 567 890 345 678 901 123 456 789 234 567 890 345 678 901 123 456 789 234 567 890 345 678 901 123 456 789 234 567 890 345 678 901 123
567 678 789 890 123 234 345 456 567 678 789 890 123 234 345 456 567 678 789 890 123 234 345 456 567 678 789 890 123 234 345 456 567 678 789 890 123 234 345 456 567 678 789 890 123 234 345 456 567 678 789 890 123 234 345 456 567 678 789 890 123 234 345 456 567 678 789 890 123 234 345 456 567 678 789 890 123 234 345 456 567 678 789 890 123 234 345 456 567 678 789 890 123 234 345 456 567 678 789 890
12 45 78 23 56 89 34 67 90 12 45 78 23 56 89 34 67 90 12 45 78 23 56 89 34 67 90 12 45 78 23 56 89 34 67 90 12 45 78 23 56 89 34 67 90 12 45 78 23 56 89 34 67 90 12 45 78 23 56 89 34 67 90 12 45 78 23 56 89 34 67 90 12 45 78 23 56 89 34 67 90 12 45 78 23 56 89 34 67 90 12 45 78 23 56 89 34 67 90 12
123 456 789 234 567 890 345 678 901 123 456 789 234 567 890 345 678 901 123 456 789 234 567 890 345 678 901 123 456 789 234 567 890 345 678 901 123 456 789 234 567 890 345 678 901 123 456 789 234 567 890 345 678 901 123 456 789 234 567 890 345 678 901 123 456 789 234 567 890 345 678 901 123 456 789 234 567 890 345 678 901 123 456 789 234 567 890 345 678 901 123 456 789 234 567 890 345 678 901 123
567 678 789 890 123 234 345 456 567 678 789 890 123 234 345 456 567 678 789 890 123 234 345 456 567 678 789 890 123 234 345 456 567 678 789 890 123 234 345 456 567 678 789 890 123 234 345 456 567 678 789 890 123 234 345 456 567 678 789 890 123 234 345 456 567 678 789 890 123 234 345 456 567 678 789 890 123 234 345 456 567 678 789 890 123 234 345 456 567 678 789 890 123 234 345 456 567 678 789 890
12 45 78 23 56 89 34 67 90 12 45 78 23 56 89 34 67 90 12 45 78 23 56 89 34 67 90 12 45 78 23 56 89 34 67 90 12 45 78 23 56 89 34 67 90 12 45 78 23 56 89 34 67 90 12 45 78 23 56 89 34 67 90 12 45 78 23 56 89 34 67 90 12 45 78 23 56 89 34 67 90 12 45 78 23 56 89 34 67 90 12 45 78 23 56 89 34 67 90 12
123 456 789 234 567 890 345 678 901 123 456 789 234 567 890 345 678 901 123 456 789 234 567 890 345 678 901 123 456 789 234 567 890 345 678 901 123 456 789 234 567 890 345 678 901 123 456 789 234 567 890 345 678 901 123 456 789 234 567 890 345 678 901 123 456 789 234 567 890 345 678 901 123 456 789 234 567 890 345 678 901 123 456 789 234 567 890 345 678 901 123 456 789 234 567 890 345 678 901 123
567 678 789 890 123 234 345 456 567 678 789 890 123 234 345 456 567 678 789 890 123 234 345 456 567 678 789 890 123 234 345 456 567 678 789 890 123 234 345 456 567 678 789 890 123 234 345 456 567 678 789 890 123 234 345 456 567 678 789 890 123 234 345 456 567 678 789 890 123 234 345 456 567 678 789 890 123 234 345 456 567 678 789 890 123 234 345 456 567 678 789 890 123 234 345 456 567 678 789 890
12 45 78 23 56 89 34 67 90 12 45 78 23 56 89 34 67 90 12 45 78 23 56 89 34 67 90 12 45 78 23 56 89 34 67 90 12 45 78 23 56 89 34 67 90 12 45 78 23 56 89 34 67 90 12 45 78 23 56 89 34 67 90 12 45 78 23 56 89 34 67 90 12 45 78 23 56 89 34 67 90 12 45 78 23 56 89 34 67 90 12 45 78 23 56 89 34 67 90 12
123 456 789 234 567 890 345 678 901 123 456 789 234 567 890 345 678 901 123 456 789 234 567 890 345 678 901 123 456 789 234 567 890 345 678 901 123 456 789 234 567 890 345 678 901 123 456 789 234 567 890 345 678 901 123 456 789 234 567 890 345 678 901 123 456 789 234 567 890 345 678 901 123 456 789 234 567 890 345 678 901 123 456 789 234 567 890 345 678 901 123 456 789 234 567 890 345 678 901 123
567 678 789 890 123 234 345 456 567 678 789 890 123 234 345 456 567 678 789 890 123 234 345 456 567 678 789 890 123 234 345 456 567 678 789 890 123 234 345 456 567 678 789 890 123 234 345 456 567 678 789 890 123 234 345 456 567 678 789 890 123 234 345 456 567 678 789 890 123 234 345 456 567 678 789 890 123 234 345 456 567 678 789 890 123 234 345 456 567 678 789 890 123 234 345 456 567 678 789 890
12 45 78 23 56 89 34 67 90 12 45 78 23 56 89 34 67 90 12 45 78 23 56 89 34 67 90 12 45 78 23 56 89 34 67 90 12 45 78 23 56 89 34 67 90 12 45 78 23 56 89 34 67 90 12 45 78 23 56 89 34 67 90 12 45 78 23 56 89 34 67 90 12 45 78 23 56 89 34 67 90 12 45 78 23 56 89 34 67 90 12 45 78 23 56 89 34 67 90 12
123 456 789 234 567 890 345 678 901 123 456 789 234 567 890 345 678 901 123 456 789 234 567 890 345 678 901 123 456 789 234 567 890 345 678 901 123 456 789 234 567 890 345 678 901 123 456 789 234 567 890 345 678 901 123 456 789 234 567 890 345 678 901 123 456 789 234 567 890 345 678 901 123 456 789 234 567 890 345 678 901 123 456 789 234 567 890 345 678 901 123 456 789 234 567 890 345 678 901 123
567 678 789 890 123 234 345 456 567 678 789 890 123 234 345 456 567 678 789 890 123 234 345 456 567 678 789 890 123 234 345 456 567 678 789 890 123 234 345 456 567 678 789 890 123 234 345 456 567 678 789 890 123 234 345 456 567 678 789 890 123 234 345 456 567 678 789 890 123 234 345 456 567 678 789 890 123 234 345 456 567 678 789 890 123 234 345 456 567 678 789 890 123 234 345 456 567 678 789 890
12 45 78 23 56 89 34 67 90 12 45 78 23 56 89 34 67 90 12 45 78 23 56 89 34 67 90 12 45 78 23 56 89 34 67 90 12 45 78 23 56 89 34 67 90 12 45 78 23 56 89 34 67 90 12 45 78 23 56 89 34 67 90 12 45 78 23 56 89 34 67 90 12 45 78 23 56 89 34 67 90 12 45 78 23 56 89 34 67 90 12 45 78 23 56 89 34 67 90 12
123 456 789 234 567 890 345 678 901 123 456 789 234 567 890 345 678 901 123 456 789 234 567 890 345 678 901 123 456 789 234 567 890 345 678 901 123 456 789 234 567 890 345 678 901 123 456 789 234 567 890 345 678 901 123 456 789 234 567 890 345 678 901 123 456 789 234 567 890 345 678 901 123 456 789 234 567 890 345 678 901 123 456 789 234 567 890 345 678 901 123 456 789 234 567 890 345 678 901 123
12 45 78 23 56 89 34 67 90 12 45 78 23 56 89 34 67 90 12 45 78 23 56 89 34 67 90 12 45 78 23 56 89 34 67 90 12 45 78 23 56 89 34 67 90 12 45 78 23 56 89 34 67 90 12 45 78 23 56 89 34 67 90 12 45 78 23 56 89 34 67 90 12 45 78 23 56 89 34 67 90 12 45 78 23 56 89 34 67 90 12 45 78 23 56 89 34 67 90 12
123 456 789 234 567 890 345 678 901 123 456 789 234 567 890 345 678 901 123 456 789 234 567 890 345 678 901 123 456 789 234 567 890 345 678 901 123 456 789 234 567 890 345 678 901 123 456 789 234 567 890 345 678 901 123 456 789 234 567 890 345 678 901 123 456 789 234 567 890 345 678 901 123 456 789 234 567 890 345 678 901 123 456 789 234 567 890 345 678 901 123 456 789 234 567 890 345 678 901 123
567 678 789 890 123 234 345 456 567 678 789 890 123 234 345 456 567 678 789 890 123 234 345 456 567 678 789 890 123 234 345 456 567 678 789 890 123 234 345 456 567 678 789 890 123 234 345 456 567 678 789 890 123 234 345 456 567 678 789 890 123 234 345 456 567 678 789 890 123 234 345 456 567 678 789 890 123 234 345 456 567 678 789 890 123 234 345 456 567 678 789 890 123 234 345 456 567 678 789 890
12 45 78 23 56 89 34 67 90 12 45 78 23 56 89 34 67 90 12 45 78 23 56 89 34 67 90 12 45 78 23 56 89 34 67 90 12 45 78 23 56 89 34 67 90 12 45 78 23 56 89 34 67 90 12 45 78 23 56 89 34 67 90 12 45 78 23 56 89 34 67 90 12 45 78 23 56 89 34 67 90 12 45 78 23 56 89 34 67 90 12 45 78 23 56 89 34 67 90 12
123 456 789 234 567 890 345 678 901 123 456 789 234 567 890 345 678 901 123 456 789 234 567 890 345 678 901 123 456 789 234 567 890 345 678 901 123 456 789 234 567 890 345 678 901 123 456 789 234 567 890 345 678 901 123 456 789 234 567 890 345 678 901 123 456 789 234 567 890 345 678 901 123 456 789 234 567 890 345 678 901 123 456 789 234 567 890 345 678 901 123 456 789 234 567 890 345 678 901 123
567 678 789 890 123 234 345 456 567 678 789 890 123 234 345 456 567 678 789 890 123 234 345 456 567 678 789 890 123 234 345 456 567 678 789 890 123 234 345 456 567 678 789 890 123 234 345 456 567 678 789 890 123 234 345 456 567 678 789 890 123 234 345 456 567 678 789 890 123 234 345 456 567 678 789 890 123 234 345 456 567 678 789 890 123 234 345 456 567 678 789 890 123 234 345 456 567 678 789 890
12 45 78 23 56 89 34 67 90 12 45 78 23 56 89 34 67 90 12 45 78 23 56 89 34 67 90 12 45 78 23 56 89 34 67 90 12 45 78 23 56 89 34 67 90 12 45 78 23 56 89 34 67 90 12 45 78 23 56 89 34 67 90 12 45 78 23 56 89 34 67 90 12 45 78 23 56 89 34 67 90 12 45 78 23 56 89 34 67 90 12 45 78 23 56 89 34 67 90 12
123 456 789 234 567 890 345 678 901 123 456 789 234 567 890 345 678 901 123 456 789 234 567 890 345 678 901 123 456 789 234 567 890 345 678 901 123 456 789 234 567 890 345 678 901 123 456 789 234 567 890 345 678 901 123 456 789 234 567 890 345 678 901 123 456 789 234 567 890 345 678 901 123 456 789 234 567 890 345 678 901 123 456 789 234 567 890 345 678 901 123 456 789 234 567 890 345 678 901 123
567 678 789 890 123 234 345 456 567 678 789 890 123 234 345 456 567 678 789 890 123 234 345 456 567 678 789 890 123 234 345 456 567 678 789 890 123 234 345 456 567 678 789 890 123 234 345 456 567 678 789 890 123 234 345 456 567 678 789 890 123 234 345 456 567 678 789 890 123 234 345 456 567 678 789 890 123 234 345 456 567 678 789 890 123 234 345 456 567 678 789 890 123 234 345 456 567 678 789 890
12 45 78 23 56 89 34 67 90 12 45 78 23 56 89 34 67 90 12 45 78 23 56 89 34 67 90 12 45 78 23 56 89 34 67 90 12 45 78 23 56 89 34 67 90 12 45 78 23 56 89 34 67 90 12 45 78 23 56 89 34 67 90 12 45 78 23 56 89 34 67 90 12 45 78 23 56 89 34 67 90 12 45 78 23 56 89 34 67 90 12 45 78 23 56 89 34 67 90 12
123 456 789 234 567 890 345 678 901 123 456 789 234 567 890 345 678 901 123 456 789 234 567 890 345 678 901 123 456 789 234 567 890 345 678 901 123 456 789 234 567 890 345 678 901 123 456 789 234 567 890 345 678 901 123 456 789 234 567 890 345 678 901 123 456 789 234 567 890 345 678 901 123 456 789 234 567 890 345 678 901 123 456 789 234 567 890 345 678 901 123 456 789 234 567 890 345 678 901 123
567 678 789 890 123 234 345 456 567 678 789 890 123 234 345 456 567 678 789 890 123 234 345 456 567 678 789 890 123 234 345 456 567 678 789 890 123 234 345 456 567 678 789 890 123 234 345 456 567 678 789 890 123 234 345 456 567 678 789 890 123 234 345 456 567 678 789 890 123 234 345 456 567 678 789 890 123 234 345 456 567 678 789 890 123 234 345 456 567 678 789 890 123 234 345 456 567 678 789 890
12 45 78 23 56 89 34 67 90 12 45 78 23 56 89 34 67 90 12 45 78 23 56 89 34 67 90 12 45 78 23 56 89 34 67 90 12 45 78 23 56 89 34 67 90 12 45 78 23 56 89 34 67 90 12 45 78 23 56 89 34 67 90 12 45 78 23 56 89 34 67 90 12 45 78 23 56 89 34 67 90 12 45 78 23 56 89 34 67 90 12 45 78 23 56 89 34 67 90 12
123 456 789 234 567 890 345 678 901 123 456 789 234 567 890 345 678 901 123 456 789 234 567 890 345 678 901 123 456 789 234 567 890 345 678 901 123 456 789 234 567 890 345 678 901 123 456 789 234 567 890 345 678 901 123 456 789 234 567 890 345 678 901 123 456 789 234 567 890 345 678 901 123 456 789 234 567 890 345 678 901 123 456 789 234 567 890 345 678 901 123 456 789 234 567 890 345 678 901 123
567 678 789 890 123 234 345 456 567 678 789 890 123 234 345 456 567 678 789 890 123 234 345 456 567 678 789 890 123 234 345 456 567 678 789 890 123 234 345 456 567 678 789 890 123 234 345 456 567 678 789 890 123 234 345 456 567 678 789 890 123 234 345 456 567 678 789 890 123 234 345 456 567 678 789 890 123 234 345 456 567 678 789 890 123 234 345 456 567 678 789 890 123 234 345 456 567 678 789 890
12 45 78 23 56 89 34 67 90 12 45 78 23 56 89 34 67 90 12 45 78 23 56 89 34 67 90 12 45 78 23 56 89 34 67 90 12 45 78 23 56 89 34 67 90 12 45 78 23 56 89 34 67 90 12 45 78 23 56 89 34 67 90 12 45 78 23 56 89 34 67 90 12 45 78 23 56 89 34 67 90 12 45 78 23 56 89 34 67 90 12 45 78 23 56 89 34 67 90 12
123 456 789 234 567 890 345 678 901 123 456 789 234 567 890 345 678 901 123 456 789 234 567 890 345 678 901 123 456 789 234 567 890 345 678 901 123 456 789 234 567 890 345 678 901 123 456 789 234 567 890 345 678 901 123 456 789 234 567 890 345 678 901 123 456 789 234 567 890 345 678 901 123 456 789 234 567 890 345 678 901 123 456 789 234 567 890 345 678 901 123 456 789 234 567 890 345 678 901 123
567 678 789 890 123 234 345 456 567 678 789 890 123 234 345 456 567 678 789 890 123 234 345 456 567 678 789 890 123 234 345 456 567 678 789 890 123 234 345 456 567 678 789 890 123 234 345 456 567 678 789 890 123 234 345 456 567 678 789 890 123 234 345 456 567 678 789 890 123 234 345 456 567 678 789 890 123 234 345 456 567 678 789 890 123 234 345 456 567 678 789 890 123 234 345 456 567 678 789 890
12 45 78 23 56 89 34 67 90 12 45 78 23 56 89 34 67 90 12 45 78 23 56 89 34 67 90 12 45 78 23 56 89 34 67 90 12 45 78 23 56 89 34 67 90 12 45 78 23 56 89 34 67 90 12 45 78 23 56 89 34 67 90 12 45 78 23 56 89 34 67 90 12 45 78 23 56 89 34 67 90 12 45 78 23 56 89 34 67 90 12 45 78 23 56 89 34 67 90 12
123 456 789 234 567 890 345 678 901 123 456 789 234 567 890 345 678 901 123 456 789 234 567 890 345 678 901 123 456 789 234 567 890 345 678 901 123 456 789 234 567 890 345 678 901 123 456 789 234 567 890 345 678 901 123 456 789 234 567 890 345 678 901 123 456 789 234 567 890 345 678 901 123 456 789 234 567 890 345 678 901 123 456 789 234 567 890 345 678 901 123 456 789 234 567 890 345 678 901 123
